,Me-179,a-AVLP043,a-CL200,a-AVLP043,Lo-38,a-PLP.78,"a-PLP120, PLP145",Lo-178,Lo-LT67,a-PLP251,AMe26,Lo-LT75,Me-CB0156,AMe20,AMe12,ga-PLP131,gl-SCL.56,Lo-VES044,Me-CB0165,Me-CB0304,Me-CB0389,Me-CB0111,Me-CB0081,Me-188,Me-MC62-b,a-AVLP041,Me-CB0167,Me-15,a-LHPV3c1,Me-182,"a-PLP120, PLP145",a-PLP177,a-PLP231,a-PVLP.SCL.2,a-PVLP.SLP.13,"a-SLP223, SLP224","a-SMP459, SMP460",ga-CL063,ga-MB-C1,"gl-PLP185, PLP186",a-CL258,a-LHPV8c1,u-PLP.349,Me-15,Lo-35,AMe26,AMe26,Lo-LT57,Lo-PLP091,AMe26,Lo-PLP126,AMe26,Lo-SLP357,AMe12,Lo-VES044,MC62,MC62-d,Me-1,Me-10,AMe12,Lo-CB0274,Lo-47,AMe12,Lo-LT43,Lo-LT43,Lo-175,a-CL258,Lo-PLP125,Lo-SLP449,Me-15,Lo-178,Lo-144,Lo-SLP357,AMe26,AMe12,AMe12,Me-75,Me-186,AMe12
Me-179,-0.07209718777386229,-0.2916666666666656,3.1048799324039895,-0.40457738993934084,-0.198748684274991,3.888999614897959,1.7325705073454305,1.2402706741483152,-0.23199469845727216,-0.6487878010507436,5.2508502712825464,-0.35553360971375586,1.4412244972991712,-0.9414417970707484,1.9696016944114243,-0.16489491297879297,-0.19874868427499118,-0.18473268089846354,-0.2045586804693819,-0.7056989815919448,-1.0890657935970949,-0.23264697923151084,-0.48344418066180145,-0.4045773899393408,-0.19900743804199647,-0.3395305251957552,-0.31690469857099257,-0.31474137580870143,-0.3870813191545457,1.8663185951801937,-0.5340126207391287,-0.46124504734737726,-0.6776987389769951,-0.27591653889039364,-0.20069785042142638,-0.19073431957798667,-0.3373044161307743,-0.13850571016383026,-0.34574879843731376,-0.22227080044538663,-0.6418123312012011,-0.3796427235255572,-0.26291524102480995,-0.2826899483735598,-1.001080072974261,-0.39785195716120714,-0.28514281791402896,-0.20700127632521687,-0.6463364410486702,-0.18214401877933198,-0.2787491027883895,-0.20170141995959737,-0.6141130622956701,-0.2705619998306718,-0.18133987104715812,-0.23673712220542406,-0.21453462331873147,-0.1990074380419974,-0.18790823039834723,0.47172664539275355,-0.6670222097252273,-0.49749873368678527,-0.7761879332551271,-0.18473268089846342,-0.18869310866933175,-0.17281816283231644,-0.6888279772963561,-0.2992250252045813,-0.303167228441766,-0.3313690655923432,-0.6020496815183637,-0.23182057667122222,-0.2172784700199868,3.463164765543871,0.08425254637422697,-0.34454860232732865,-0.2227966603810412,-0.3052315266328446,-0.0031294327673248024
a-AVLP043,-0.2916666666666656,-0.11402276971248981,-0.16658099888065958,3.994998296585934,-0.11476596157913538,-0.5756707012115092,-0.27478362283816354,-0.35209112510450497,8.713384929123587,-0.346988959179747,-0.1191586461884334,-0.17886236067447864,0.9585959923646935,-0.5690096822721945,-0.22207643579819678,-0.13225413988726922,-0.11915864618843282,-0.12340351046845821,-0.11915864618843326,-0.4190790380624777,1.0379418118364623,-0.6480363685046944,-0.2996318770299909,-0.22524545469420978,-0.10674760375242354,-0.21707238158772374,-0.14285714285714263,-0.20145154833543266,-0.25722940774499564,-0.24140625836710813,-0.2909210920419887,-0.2710713640297912,-0.38077663710652915,-0.1818181818181808,-0.12427976460351381,-0.08980265101338714,-0.18703583961131723,-0.6094442846399625,-0.19149192642804574,-0.11915864618843316,-0.3692853328467536,-0.22717430935012814,-0.14702865267285703,-0.15681251204679628,-0.611376127737262,-0.24813529629094208,-0.1601281538050886,-0.14285714285714354,-0.3892516855427911,-0.10050378152592182,-0.16012815380508463,-0.12340351046845814,-0.3606583826973697,-0.1754942736973642,-0.1398168046500081,-0.09529814069847008,-0.11915864618843258,-0.11020775375559634,-0.10194414990458749,-0.47315747615412573,-0.3684833273385563,-0.279435306572134,1.610669462955172,-0.12340351046845821,-0.13150664608837034,-0.11915864618843298,-0.3770466677050195,-0.14346334579607603,-0.18760780199820967,-0.21474704482545756,-0.34664080809683817,-0.10050378152592172,-0.08396038004872008,-0.18473268089846334,-0.5476750233860462,-0.19352523826151263,-0.12340351046845802,-0.23246931631537318,-0.6064354084762882
a-CL200,3.1048799324039895,-0.16658099888065958,-0.06759919736757328,-0.22717430935012847,-0.13150664608836957,0.9086737992230658,-0.285709555514998,3.0341247008309975,-0.1464597543788296,-0.35480275359153846,8.392173224413991,-0.170114393137122,0.8158491560370693,-0.5606169482390743,-0.2659498441962286,-0.1102077537555967,-0.15681251204679555,-0.110207753755596,-0.11020775375559622,-0.44411270524263236,-0.5971792013662164,-0.6382538564983251,-0.3027678067391191,-0.23657178420367503,-0.1054625327016293,-0.21474704482545776,-0.1601281538050883,-0.23673712220542403,-0.23409933797291696,-0.248281766580712,-0.3001668056842828,-0.25816911417308375,-0.37863498356797726,-0.16698964031185845,-0.13150664608837032,-0.08396038004871963,-0.193246987920249,-0.632524629817681,-0.19628247940834737,-0.12751534261266687,-0.3680053699735383,-0.22717430935012825,-0.14492584511891315,-0.1987486842749911,1.1681454240810596,-0.22941573387056263,-0.18181818181818027,-0.10674760375242368,-0.3744770285222049,-0.10050378152592174,-0.13538810472195573,-0.08396038004872067,-0.3715862529635198,-0.1633831238975996,-0.0708881205008339,-0.12340351046845799,-0.10546253270162934,-0.12751534261266695,-0.12340351046845834,-0.46744821489515187,2.0746557812200623,-0.27478362283816354,-0.4327498578267906,-0.10546253270162931,-0.14285714285714193,-0.11020775375559634,-0.4134993640889819,-0.1762182934546897,-0.16658099888065958,-0.21707238158772532,-0.3430782579589844,-0.10194414990458694,-0.1054625327016293,-0.12751534261266706,-0.5170577996692598,-0.1847326808984633,-0.11386818846191388,-0.2121909844847532,-0.5710704222310882
a-AVLP043,-0.40457738993934084,3.994998296585934,-0.22717430935012847,-0.0616010283800018,-0.15681251204679544,0.35004918696990545,-0.372721936825588,-0.4760191075238042,6.377042156569662,-0.5030000003182612,-0.1499829574503791,-0.25929878350055424,1.1829296446631088,0.4801357660785556,-0.3317561495001508,-0.18473268089846342,-0.142857142857143,6.377597826752833,-0.1633831238976003,-0.5989253431086871,-0.8366713148535498,-0.8899281965669739,-0.3989139088491306,-0.3306750948215949,-0.15393726795177118,-0.2646767474204684,-0.21783372251022534,-0.3169046985709928,-0.33872372668989237,-0.350684700853654,-0.42633538180114916,-0.3842893153110293,-0.5276448530110895,-0.23437535321350947,-0.1731897628808586,-0.1697250257391062,-0.2779915691571272,-0.889765005553995,-0.28487837127244947,-0.17886236067447875,-0.4873937159025327,-0.3150118772463266,-0.24140625836710847,-0.26378974963035473,-0.7859890882479829,-0.34640341400872937,-0.2550147534061236,-0.16058063792223568,-0.5011528105415769,-0.17586311452816275,-0.2348385141823813,-0.15847815456433156,-0.4956483071366428,-0.22699055229393392,-0.17281816283231635,-0.16381273202031915,-0.1572900352054701,-0.16489491297879194,-0.15681251204679567,-0.6636725714650752,1.2856269075732136,-0.4136610112252329,-0.6085242988767676,-0.15393726795177085,-0.1391689327581979,-0.1464597543788294,-0.5348365727761164,-0.2318205766712224,-0.23718930431613905,-0.315011877246326,1.5745150790370799,-0.11641116674629326,-0.14645975437882872,-0.23673712220542412,0.466581657081072,-0.31120537124339953,-0.18473268089846334,-0.28679449480609537,0.44254189105634695
Lo-38,-0.198748684274991,-0.11476596157913538,-0.13150664608836957,-0.15681251204679544,-0.0783810527831095,-0.4180565808195,4.606981894028664,-0.2119718835478847,-0.08980265101338718,-0.2527855322222451,-0.07769309688655159,-0.12832288002105444,1.7234349633394683,-0.4117801214930504,-0.1850453700008983,-0.07769309688655086,-0.08980265101338718,-0.06723348523552886,-0.07088812050083387,-0.26750560626987335,-0.44288137943047673,-0.45564410443369985,-0.2041241452319305,-0.1788623606744787,-0.095298140698469,-0.14285714285714246,-0.08396038004872011,-0.14998295745037912,-0.15681251204679536,-0.15393726795177107,-0.2572294077449957,-0.19601428307463312,-0.2785430072655779,-0.14285714285714285,-0.08980265101338718,-0.04476614810358534,-0.14285714285714218,1.8405332825903724,-0.1275153426126669,-0.09529814069847005,-0.269625480692106,-0.1697250257391061,-0.07769309688655154,-0.1234035104684582,-0.4132280120866116,-0.15681251204679578,-0.077693096886551,-0.07088812050083382,-0.27527560420488095,-0.06337242505244768,-0.13150664608836962,-0.10546253270162932,-0.23787422041022474,-0.10546253270162932,-0.08396038004872015,-0.0633724250524477,-0.06337242505244772,-0.07088812050083396,-0.09529814069846992,-0.3528460327684228,-0.2646767474204691,-0.20700127632521687,-0.3336076140786057,-0.06337242505244768,-0.11476596157913538,-0.10050378152592146,-0.2896525936910769,-0.0898026510133872,-0.10194414990458672,-0.1499829574503791,-0.22717430935012856,-0.08396038004871988,-0.10050378152592185,-0.11915864618843303,-0.39204839127780655,-0.156812512046796,-0.07769309688654998,-0.15183145103679857,-0.428093348679516
a-PLP.78,3.888999614897959,-0.5756707012115092,0.9086737992230658,0.35004918696990545,-0.4180565808195,0.14790046834704323,0.9875066076871288,-0.2941499201572084,-0.4183843054106298,-1.3185487340182185,2.1564714242692715,-0.722728069622732,1.9270701821603746,-0.4314075574424876,0.4102307773455134,1.9063349601894293,-0.4287234179474613,1.856342691512425,-0.4144253831451526,-0.17268589776432,0.11695146538882112,0.3285207540216995,-0.9961986313992228,-0.8237651494442013,-0.45619846156897526,0.7299752002297287,-0.6080368801811117,-0.734484554985386,-0.8049569352624101,0.1717432005011881,0.7300562500176841,-0.9362088735946137,-0.6514358988261502,-0.5968913014888241,-0.3803873470057318,-0.4267898099967385,-0.6995794320816475,-0.4124886473920333,-0.7337079321312171,1.905366569469412,0.2444841752124366,-0.8173686407114589,-0.5721826584169045,-0.6114540384188097,-1.112183854325582,-0.8036207804663246,-0.5535055618589634,-0.4150818158962037,2.3696510875242898,1.9890493217366592,-0.5867832299749276,1.9349096305503435,0.23175580770140713,-0.6187493723139672,-0.4288023926125065,-0.4381121687488238,-0.42313237809604404,-0.4134652329594021,-0.40852059156110787,1.2468220911804746,-1.435059449458582,0.9618227988926508,0.7760529569774842,1.9275436223768265,1.7976934435203127,2.143822420841224,0.7887036317643207,0.999116426856474,-0.5966801354021679,-0.7315937919405467,-0.45438123539115444,-0.3970537670706996,-0.42192157283536774,1.067238214337261,-0.021477164703840083,0.6214971338942589,2.2347382183834554,-0.7171924871688905,-0.14571613375642012
"a-PLP120, PLP145",1.7325705073454305,-0.27478362283816354,-0.285709555514998,-0.372721936825588,4.606981894028664,0.9875066076871288,-0.0951573096647841,-0.5367306047211532,-0.201701419959597,-0.6194155380718568,-0.2170723815877248,-0.3580737998430959,-0.2630498023282362,-0.9690177247846523,-0.40371743605382887,-0.21783372251022534,-0.20938322787871402,-0.19352523826151255,-0.1850453700008989,-0.727172834747,-0.08311588249229954,-0.24777750546849842,-0.5041960924882292,-0.40660583464226596,-0.20236470527982706,-0.3305150682747052,-0.26843339998962956,2.442547963153927,-0.38651398990728053,-0.46350807393641436,-0.49777493934214867,-0.454115997250512,-0.6512171447631833,-0.2830922264993448,-0.204124145231931,-0.20334115751605455,-0.3259348680202768,0.8148973938769345,-0.3202904337019779,-0.19874868427499112,0.8608274221054059,-0.3962597501228444,-0.2594298807053417,-0.30939726243551247,-1.0161340903355833,-0.3681238673088547,-0.28514281791402957,-0.17318976288085863,-0.6501831324377032,-0.20762474849945492,-0.2710713640297919,-0.17318976288085827,0.9973474333863194,-0.2738306829197058,-0.1987486842749913,-0.17586311452816245,-0.21277862508442935,-0.2070012763252169,-0.19044534662682852,-0.8201581529315998,-0.6470545836559292,-0.5132998950406068,-0.7921318941081112,-0.19352523826151266,-0.1680247652835223,-0.18760780199820973,-0.662713141180021,-0.3062559816205573,-0.2972409559193998,-0.3416667271943642,-0.6210539530932908,-0.24413653763134957,-0.1932469879202491,-0.24768081568265887,1.1846783567601646,-0.349369400813868,-0.2070012763252169,-0.32440941287394487,0.9802611621927121
Lo-178,1.2402706741483152,-0.35209112510450497,3.0341247008309975,-0.4760191075238042,-0.2119718835478847,-0.2941499201572084,-0.5367306047211532,-0.1058874127033489,-0.2102144765190232,3.2770133870365448,4.030680753384663,-0.38599348441465,1.0471519303061436,0.7099602386753336,1.543094711209647,-0.2395222294990116,4.358898943540677,-0.21727847001998665,-0.21453462331873152,0.3968475184422746,0.4524795383843493,0.22476003023378893,-0.5870749236655263,-0.47041077989063634,-0.219786117861958,-0.40433033555370756,-0.35233429997104543,-0.4058936841263967,-0.44347779336880916,-0.5129701525319637,-0.6220920965887278,-0.530852196124962,0.509169718439257,-0.34307825795898433,-0.2371893043161395,4.227046785676986,-0.3778046561013848,1.1948493522696864,-0.38988430497212734,-0.23908057580332964,0.5899475728895713,-0.4724768982643962,-0.29885258919705254,-0.310503750426307,-0.3070641511691661,-0.4572102020694754,-0.28487837127244936,-0.23952222949901142,-0.6974940610752562,-0.23908057580332906,-0.2949041470644643,-0.26161654264511186,-0.7241500083529917,-0.33258957461446126,-0.24124895481858064,-0.1842057558921739,-0.24477837658633508,-0.2343753532135094,-0.2395222294990114,-0.9736390664034981,-0.7862626818170086,-0.5587402079844029,-0.9240715689157217,-0.2572294077449943,-0.21783372251022529,-0.24124895481858055,0.5945794628601436,-0.3517100082089894,-0.3330375807483606,-0.3652937577750626,-0.6739509184955838,-0.23420572297684056,-0.25054134274102896,-0.3170696625736274,-0.17013848722211583,-0.4011496463228703,-0.23952222949901086,-0.34581548170056553,-0.3076004193037554
Lo-LT67,-0.23199469845727216,8.713384929123587,-0.1464597543788296,6.377042156569662,-0.08980265101338718,-0.4183843054106298,-0.201701419959597,-0.2102144765190232,-0.047098822494743224,-0.26161654264511136,-0.07088812050083397,-0.16972502573910664,1.6589332726554737,-0.3709992580022288,-0.1847326808984635,-0.07088812050083385,-0.07088812050083389,-0.07769309688655061,-0.09529814069846951,-0.2882125792962005,-0.4088212612101356,-0.4291405294522033,-0.19601428307463392,-0.16698964031185903,-0.0839603800487206,-0.1275153426126669,-0.14285714285714224,-0.13225413988726928,-0.1633831238975997,-0.16338312389760043,-0.2136521838204528,-0.19324698792024833,-0.27645300649633375,-0.1534322437718477,-0.07769309688655139,-0.09529814069847017,-0.14998295745037918,-0.445647616850132,-0.11476596157913524,-0.09529814069847005,-0.25317216319399355,-0.15729003520547066,-0.10050378152592128,-0.13150664608837037,-0.41669619550457015,-0.1568125120467959,-0.1102077537555958,-0.0708881205008339,-0.2616165426451115,-0.08396038004872097,-0.13538810472195634,-0.06337242505244768,-0.27478362283816354,-0.11020775375559592,-0.11020775375559654,-0.08396038004871993,-0.08396038004872006,-0.07088812050083376,-0.11020775375559645,-0.31939804844445513,-0.2603514080593165,-0.20938322787871336,-0.3128532084221271,-0.07769309688655016,-0.09529814069847026,-0.08396038004872074,-0.2892137886774005,-0.12751534261266723,-0.11020775375559602,-0.10947155477532308,-0.23908057580332848,-0.0776930968865502,-0.031638599858416404,-0.11136392397744672,-0.3954110917457378,-0.15343224377184778,-0.09529814069846984,-0.14285714285714307,-0.4036129112289066
a-PLP251,-0.6487878010507436,-0.346988959179747,-0.35480275359153846,-0.5030000003182612,-0.2527855322222451,-1.3185487340182185,-0.6194155380718568,3.2770133870365448,-0.26161654264511136,-0.10209247270506124,-0.2726786455393382,-0.4525076902521988,-0.06585880395664594,0.4279145983250141,1.512087823985317,-0.25974269357686963,-0.25093627726270784,-0.26809715605695117,-0.23908057580332884,1.2867048801224226,-0.6086990560142226,-0.7481190655528949,-0.6437003030370495,1.30714670396107,-0.24140625836710775,-0.4365440186426934,2.431849221234888,-0.4202183530084114,-0.5171633366284937,-0.5449481194345502,0.7866187393843317,-0.5729454279043729,-0.8662306511370156,-0.37564964919548866,-0.2550147534061238,-0.2464188918732397,-0.42611218354325026,0.009459034323318134,-0.4312559522477971,-0.27736089379583145,0.38587391517708913,-0.49895961673270767,-0.3929657698815432,-0.39239551579574944,0.23694549543291596,-0.5137003722246349,-0.36835431600672636,-0.29765385228677493,-0.8549275471984226,-0.25890435250935745,-0.3461311008444519,-0.2503981951023614,-0.8134765113447618,2.3381524458510206,-0.24704742598720628,-0.2710713640297912,-0.2378742204102249,-0.29223314743765477,-0.2597933702191317,-1.1156565186761815,0.34214267401426934,-0.6033517254016081,-0.9811151335738807,-0.2747836228381633,-0.25501475340612384,-0.2680971560569505,-0.8521506971766032,-0.39708774432755956,-0.37102079154518375,-0.4509373212848368,-0.7915937385624573,-0.24140625836710833,-0.25760033124253995,-0.3569045395458465,1.18640599466967,-0.45812334129441445,-0.2680971560569515,-0.44721359549996,-1.3018669903837752
AMe26,5.2508502712825464,-0.1191586461884334,8.392173224413991,-0.1499829574503791,-0.07769309688655159,2.1564714242692715,-0.2170723815877248,4.030680753384663,-0.07088812050083397,-0.2726786455393382,-0.06166514877193909,-0.13150664608837,1.7355232600106907,-0.383130514088461,-0.13538810472195678,-0.07088812050083382,-0.08980265101338716,-0.07769309688655061,-0.08025723539051265,-0.2976538522867754,-0.4422540595254044,-0.458136179329774,-0.2269905522939341,-0.17318976288085836,-0.0898026510133872,-0.13150664608836987,-0.12340351046845811,-0.14645975437882952,-0.18760780199820984,-0.20145154833543238,-0.22959455978739274,-0.17318976288085858,-0.301601356233641,-0.10050378152592139,-0.054854599453863284,-0.0633724250524477,-0.14285714285714243,-0.4552654117379735,-0.11136392397744714,-0.044766148103584535,-0.25816911417308425,-0.17586311452816378,-0.09529814069846977,-0.11915864618843283,-0.4225649989255081,-0.16658099888065953,-0.12340351046845788,-0.05485459945386333,-0.27383068291970736,-0.054854599453862986,-0.1102077537555964,-0.10050378152592183,-0.25264557631995743,-0.11020775375559624,-0.09529814069846951,-0.06337242505244768,-0.07088812050083382,-0.054854599453863395,-0.0802572353905126,-0.345197361111915,-0.25597328939195174,-0.20938322787871416,-0.3015609903764067,-0.08396038004872032,-0.05485459945386347,-0.08396038004871963,-0.2826899483735597,-0.11476596157913527,-0.10546253270162934,-0.14285714285714232,-0.2515396245188966,-0.10546253270162938,-0.07088812050083389,-0.07088812050083391,-0.3944628150719495,-0.14285714285714207,-0.054854599453863125,-0.13538810472195664,-0.4270559344421466
Lo-LT75,-0.35553360971375586,-0.17886236067447864,-0.170114393137122,-0.25929878350055424,-0.12832288002105444,-0.722728069622732,-0.3580737998430959,-0.38599348441465,-0.16972502573910664,-0.4525076902521988,-0.13150664608837,-0.0765669950232536,3.1162011097070486,-0.6707529261202113,-0.2841540982697156,-0.15343224377184772,-0.14998295745037912,-0.1315066460883705,-0.11476596157913545,-0.49076245190558876,-0.7519723953595936,-0.7754271510399228,-0.3222600609505548,3.2813268122781585,-0.12751534261266684,-0.21531809081405304,-0.17318976288085858,-0.21111192558770275,-0.2848783712724505,-0.3186152626340484,-0.366759390536758,-0.3354529867248586,-0.47500183257233564,-0.20436564947534855,-0.1601281538050882,-0.13538810472195745,-0.2594298807053427,-0.7855685132215032,-0.23891934294085587,-0.13608276348795365,-0.4495436916940507,-0.2992250252045812,-0.18760780199820948,-0.22279666038104093,-0.7105991024755851,-0.29367143641051335,-0.19900743804199608,-0.16658099888065955,-0.4439029751354837,-0.13916893275819853,-0.17621829345468937,-0.13916893275819833,-0.40999407272140825,4.2272239132014136,-0.160128153805088,-0.1601281538050882,-0.13150664608837,-0.1275153426126669,-0.1669896403118592,-0.5639752008084119,-0.4619003661145783,-0.3631012288616993,-0.5482518078310653,-0.13225413988726945,-0.16058063792223576,-0.14998295745037907,-0.472898881093382,-0.1876078019982103,-0.17920232561039043,-0.2785430072655779,-0.4393686409382526,-0.14285714285714285,-0.1665809988806595,-0.1539372679517706,0.7085273097123429,-0.24989668506215085,-0.14346334579607598,-0.2348385141823806,-0.6944710541764135
Me-CB0156,1.4412244972991712,0.9585959923646935,0.8158491560370693,1.1829296446631088,1.7234349633394683,1.9270701821603746,-0.2630498023282362,1.0471519303061436,1.6589332726554737,-0.06585880395664594,1.7355232600106907,3.1162011097070486,0.34714172236690377,0.5596078686395193,-0.9527910993020163,1.580313821880006,1.70453319081273,1.7503627989941364,-0.4706632311299282,-1.6354991977122808,1.2186592825853622,-1.014818572329553,-1.16131248452592,0.20228369853530512,-0.44161635296435475,-0.8089090289344009,0.8725608482113548,-0.8115744877880492,-0.9056989179695837,-0.06644428060609019,-1.2258949811385296,-1.0376978528913268,-1.5006384000731532,0.7987445006085889,-0.4479587450233669,-0.46725109603364534,-0.826915047463142,1.8460087212407912,-0.7942248022426491,-0.44994935456390495,-0.8405433080714778,0.11996650710219006,0.8731358245669898,-0.6597798851820939,-1.1320164397609709,-0.968565830437438,-0.6554966701874365,-0.4694685597539568,1.182123970858075,-0.46580474031510566,0.8885503805979706,-0.4789944212071095,0.6188412904683962,0.9109786584094948,-0.443372227663205,-0.46171553532303733,-0.4653089450264403,-0.49419948310037054,-0.4449941594899864,0.736837803374734,0.432783479225032,-1.1260535686816,-0.17099359947452816,-0.5035912149963323,-0.4780579135411357,-0.4843894517972036,-1.5577398500405935,-0.6777176387847929,-0.6810561396787846,-0.7913871313240242,-0.6332820180868163,-0.4957154308632158,1.707180073379456,0.9340914576894691,-0.41335479888272714,0.47644736533849535,-0.4951577935310949,0.48787201791142504,-0.5551794512009047
AMe20,-0.9414417970707484,-0.5690096822721945,-0.5606169482390743,0.4801357660785556,-0.4117801214930504,-0.4314075574424876,-0.9690177247846523,0.7099602386753336,-0.3709992580022288,0.4279145983250141,-0.383130514088461,-0.6707529261202113,0.5596078686395193,0.06544984345531568,1.753208010485561,2.237828872213396,2.2852876710031875,2.3374742453080017,-0.396195341670352,0.8299891673622849,0.5104389760383565,-0.2881326204039452,0.13956274760793072,-0.7794696178665496,-0.3865139899072801,-0.6503195695682109,-0.5740446287149275,0.7804938267267068,0.5477067835316366,-0.8585690795098092,-1.0133131890224218,0.3102280739371771,-0.5395188806294812,1.2304247391192635,-0.3436556871445271,-0.3520911251045053,-0.6880211515065233,1.26332721822325,-0.6456639979721213,2.292709577208203,1.2005964999856664,0.5353899446545111,1.4251677831027816,-0.5426201687601935,-0.9173971016333637,0.4669697079529794,1.1764129803661094,-0.382857420667618,-0.44330065791480056,-0.3615639223832781,-0.5175231099544464,-0.37441959306631584,0.41153301643444506,-0.5683586131591384,2.3722494228767346,-0.3603334423230966,-0.3627100399011374,-0.40787028989824564,-0.4120455679855997,-1.5837640059123694,1.1039164379906858,1.2290152639556426,-0.20583909671497452,-0.3654492768482206,-0.38206549952670704,-0.3794921695550861,-1.294060037970495,-0.5607418284283898,-0.5528764973273611,-0.6637471290118578,-1.2068115331654459,-0.37221319883677423,-0.37013228994290776,-0.477771200264185,-0.8087004440874318,-0.6550122166179773,-0.4009813432049897,-0.6732963218451363,-1.4749536097135119
AMe12,1.9696016944114243,-0.22207643579819678,-0.2659498441962286,-0.3317561495001508,-0.1850453700008983,0.4102307773455134,-0.40371743605382887,1.543094711209647,-0.1847326808984635,1.512087823985317,-0.13538810472195678,-0.2841540982697156,-0.9527910993020163,1.753208010485561,-0.11694857388177197,-0.1391689327581972,-0.1499829574503791,-0.18008013511454324,-0.16012815380508857,-0.6292503141768669,0.30105875140698574,-0.9421146033436458,-0.4274216777700821,-0.3530670687031562,-0.16012815380508838,3.563513734642541,-0.2548778654661488,3.5128574043945346,2.721838124949522,2.312430100286184,-0.4335187862808779,-0.3520102427690534,-0.5527051915086606,-0.20436564947534788,-0.14702865267285728,-0.15681251204679644,-0.3118198202008474,-0.9592467180088796,-0.29291703603882746,-0.16171366879482568,-0.5362879426568172,-0.35587413960858116,-0.23437535321350922,-0.2768772075757723,-0.8091423210321219,-0.35717967409642304,-0.21978611786195767,-0.16012815380508832,-0.5176096209074388,-0.17621829345468956,-0.22767339673897352,-0.1572900352054705,-0.5200405279330159,-0.21783372251022545,-0.17886236067447867,-0.12751534261266698,-0.1960142830746349,-0.1697250257391063,-0.14285714285714232,0.7549624174441614,-0.5255199588953305,-0.3728967126339101,-0.6141473355963744,-0.15681251204679522,-0.18181818181818124,-0.1601281538050883,-0.5686205548985511,-0.21866270583345365,-0.2371893043161383,-0.2932459453369575,-0.49607231621426273,-0.17621829345468912,-0.1464597543788285,-0.1870358396113172,-0.7544017662364277,-0.28618818093306814,-0.17318976288085858,-0.27756610784266195,-0.8472240599528693
ga-PLP131,-0.16489491297879297,-0.13225413988726922,-0.1102077537555967,-0.18473268089846342,-0.07769309688655086,1.9063349601894293,-0.21783372251022534,-0.2395222294990116,-0.07088812050083385,-0.25974269357686963,-0.07088812050083382,-0.15343224377184772,1.580313821880006,2.237828872213396,-0.1391689327581972,-0.09043798912060436,-0.10194414990458703,-0.08980265101338719,-0.08396038004872021,-0.2909210920419894,-0.43002437669287846,-0.46269143828027876,-0.18760780199820953,-0.17886236067447864,-0.07769309688655093,-0.14645975437883024,-0.0898026510133872,-0.1601281538050878,-0.16171366879482613,-0.18790823039834556,-0.19900743804199666,-0.18760780199821056,-0.27645300649633414,-0.12751534261266687,-0.07088812050083379,-0.07088812050083386,-0.1605806379222357,1.7181318124491727,-0.14285714285714277,-0.08396038004872063,-0.26252051021607237,-0.17251106023859294,-0.14285714285714288,-0.13150664608836987,-0.420787603740128,-0.16698964031185928,-0.1391689327581981,-0.08396038004872022,3.4160183801576056,-0.03163859985841642,-0.11915864618843333,-0.07769309688655035,-0.239522229499012,-0.13538810472195587,-0.08980265101338714,-0.07088812050083393,-0.09692852714332863,-0.08396038004872079,-0.08396038004871975,-0.3391235447324574,-0.2869019543599354,-0.20854725420517511,-0.32507968822665806,-0.11020775375559617,-0.07088812050083391,-0.07769309688655053,-0.26962548069210723,-0.10194414990458685,-0.11020775375559619,-0.15518522853383657,-0.26148818018424874,-0.06337242505244774,-0.09529814069846987,-0.10050378152592153,-0.401190300982532,-0.11020775375559676,-0.04476614810358513,-0.12011416270764023,-0.4209416905055198
gl-SCL.56,-0.19874868427499118,-0.11915864618843282,-0.15681251204679555,-0.142857142857143,-0.08980265101338718,-0.4287234179474613,-0.20938322787871402,4.358898943540677,-0.07088812050083389,-0.25093627726270784,-0.08980265101338716,-0.14998295745037912,1.70453319081273,2.2852876710031875,-0.1499829574503791,-0.10194414990458703,-0.053439578536182704,-0.09529814069847023,-0.08396038004872028,-0.3085811899675449,-0.445073029341218,-0.4688784986376767,-0.21958604088171052,-0.1697250257391065,-0.07398816585980059,-0.12751534261266723,-0.1102077537555957,-0.13538810472195645,-0.1360827634879544,-0.18181818181818088,-0.23657178420367503,-0.18133987104715782,-0.2747836228381637,-0.1147659615791353,-0.07088812050083397,-0.09529814069846905,-0.14645975437882963,1.6467190579810247,-0.14645975437882988,-0.0839603800487209,-0.23718930431613885,-0.1850453700008983,-0.11915864618843305,-0.10050378152592189,-0.42954656391301466,-0.14645975437882885,-0.11915864618843298,-0.08396038004872065,-0.2637897496303547,-0.07769309688655042,-0.1054625327016293,-0.10050378152592176,-0.23246931631537343,-0.10050378152592156,-0.09529814069846972,-0.0839603800487199,-0.1054625327016293,0.0,-0.08396038004872015,-0.32428702187171615,-0.29166666666666596,-0.23657178420367506,-0.33853083788279986,-0.06337242505244768,-0.1054625327016293,-0.0633724250524477,-0.262520510216073,-0.11915864618843304,-0.12751534261266692,-0.15183145103679851,-0.24585643587786749,-0.08980265101338711,-0.07088812050083383,-0.09529814069846974,-0.37291032145018904,-0.11915864618843315,-0.0633724250524477,-0.12340351046845835,-0.4093540315718352
Lo-VES044,-0.18473268089846354,-0.12340351046845821,-0.110207753755596,6.377597826752833,-0.06723348523552886,1.856342691512425,-0.19352523826151255,-0.21727847001998665,-0.07769309688655061,-0.26809715605695117,-0.07769309688655061,-0.1315066460883705,1.7503627989941364,2.3374742453080017,-0.18008013511454324,-0.08980265101338719,-0.09529814069847023,-0.03405377932920376,-0.07088812050083387,-0.286901954359937,-0.41513003090078693,-0.45428895197598107,-0.17281816283231674,-0.1428571428571419,-0.06337242505244768,-0.15681251204679575,-0.11476596157913571,-0.16972502573910642,-0.19044534662682872,-0.1601281538050879,-0.22032632461961596,-0.1879082303983471,-0.23553894279879675,-0.1147659615791353,-0.1054625327016293,-0.05485459945386321,-0.1353881047219564,-0.4666629652102785,-0.12751534261266706,-0.11020775375559641,-0.27235469034967086,-0.1669896403118589,-0.10546253270162931,-0.1275153426126668,-0.39717014079342794,-0.14998295745037912,-0.12751534261266706,-0.07769309688655092,-0.2816271467689781,-0.07088812050083397,-0.12340351046845843,-0.07088812050083372,-0.21727847001998646,-0.1102077537555965,-0.08396038004872006,-0.10050378152592197,-0.07769309688655109,-0.08396038004871993,-0.054854599453863055,-0.3623089184082578,-0.27865269733681514,-0.19628247940834734,-0.33066281985137125,-0.06337242505244772,-0.09529814069847023,-0.09529814069846948,-0.281031256191575,-0.08396038004872024,-0.11476596157913486,-0.12751534261266712,-0.2500933143865839,-0.07769309688655099,-0.07769309688655081,-0.11020775375559598,-0.38794545008390574,-0.14998295745037918,-0.07769309688655086,-0.13018891098082433,-0.44896291589298254
Me-CB0165,-0.2045586804693819,-0.11915864618843326,-0.11020775375559622,-0.1633831238976003,-0.07088812050083387,-0.4144253831451526,-0.1850453700008989,-0.21453462331873152,-0.09529814069846951,-0.23908057580332884,-0.08025723539051265,-0.11476596157913545,-0.4706632311299282,-0.396195341670352,-0.16012815380508857,-0.08396038004872021,-0.08396038004872028,-0.07088812050083387,-0.01793131118949753,-0.2871832634470961,2.004972489840717,-0.47072486862045343,-0.19044534662682847,-0.15343224377184778,-0.09529814069846991,-0.14346334579607595,-0.12751534261266692,-0.1601281538050883,-0.1353881047219557,-0.16381273202031907,-0.19324698792024816,-0.1711058697538652,-0.24019223070763218,-0.11915864618843314,-0.0952981406984698,-0.07769309688655135,-0.14285714285714235,-0.4704656799723417,-0.15051829901569447,-0.08396038004871978,-0.24560222393820907,-0.1534322437718478,-0.11476596157913545,-0.11476596157913546,-0.35901029700398557,-0.14645975437882855,-0.1005037815259215,-0.10546253270162932,-0.27478362283816377,-0.05485459945386293,-0.11020775375559645,-0.07088812050083387,-0.254877865466149,-0.13916893275819897,-0.08396038004872097,-0.07088812050083391,-0.0708881205008339,-0.10546253270162931,-0.08396038004872003,-0.3343385496165976,-0.25054134274102857,-0.19601428307463362,-0.3482091517496356,-0.07769309688655114,-0.05485459945386306,-0.0898026510133872,3.2608535430383547,-0.1234035104684581,-0.11915864618843292,-0.13538810472195517,-0.23199469845727205,-0.08980265101338725,-0.05485459945386339,-0.1234035104684583,-0.3770214267998842,-0.10674760375242338,-0.10050378152592132,-0.14285714285714257,-0.4078702898982458
Me-CB0304,-0.7056989815919448,-0.4190790380624777,-0.44411270524263236,-0.5989253431086871,-0.26750560626987335,-0.17268589776432,-0.727172834747,0.3968475184422746,-0.2882125792962005,1.2867048801224226,-0.2976538522867754,-0.49076245190558876,-1.6354991977122808,0.8299891673622849,-0.6292503141768669,-0.2909210920419894,-0.3085811899675449,-0.286901954359937,-0.2871832634470961,-0.0504003014121433,0.4078483583116294,0.8832487849978671,0.6574230357508262,-0.5900526304044402,-0.31896958980490087,1.5979666841260938,-0.4087412629465578,-0.5351827208812263,1.196006229541512,-0.6437003030370486,1.7466349272935542,-0.7084198616128233,1.1315513220266002,-0.42809334867951465,-0.29171862123017245,-0.29166666666666424,3.2047763056376706,1.5131616795092055,-0.5212145598559265,3.3707465189399515,0.11269084306830655,-0.609077571706127,-0.38161253317148586,2.3771410671227833,-0.09418191449680065,-0.5853738765245127,-0.4133836909571643,-0.30276780673911957,-0.9992329292593206,-0.29960898639241584,-0.38044681770704536,-0.28368816544899483,-0.9156938693357797,1.8509371785996196,-0.255014753406123,-0.28211011718962736,3.017455021817314,-0.2916666666666657,-0.2972409559194,0.4992224396040473,0.06494393274573101,0.6656721979336427,0.538934683116837,-0.2738742395762781,-0.29022750099134415,-0.3109528048841012,-0.9216746082600161,-0.42420192647853655,-0.40771823938015134,-0.5354828731888696,-0.8679251452868367,-0.30512572076725314,-0.2886341435134335,-0.3979591836734664,0.019225625116339205,-0.5067440082870415,-0.309018344632467,-0.5317910667097205,1.3535036896619257
Me-CB0389,-1.0890657935970949,1.0379418118364623,-0.5971792013662164,-0.8366713148535498,-0.44288137943047673,0.11695146538882112,-0.08311588249229954,0.4524795383843493,-0.4088212612101356,-0.6086990560142226,-0.4422540595254044,-0.7519723953595936,1.2186592825853622,0.5104389760383565,0.30105875140698574,-0.43002437669287846,-0.445073029341218,-0.41513003090078693,2.004972489840717,0.4078483583116294,0.20225007354485364,0.5581838838115759,3.925888846346797,-0.8614421508780257,1.896868494418158,-0.700361423863444,0.9541533404485238,0.6157844362048077,-0.8990339435350891,1.1329856183412865,-1.0925465190564774,0.0761421649419755,-0.005009015396150981,0.9940229193157696,-0.45096500353837177,-0.41043672195706,-0.7335529601799744,0.6589757998498892,-0.7098826411339105,-0.4242019264785363,0.9420263585783516,0.33224670046480564,-0.6159734103013856,-0.6159976882123559,0.690997784590197,-0.8901904710055283,-0.6013377943029545,-0.4113946565323553,2.1546346348001193,-0.42029416484739357,-0.5961618525418088,-0.43233770116711906,-0.5875368656523067,-0.620979694310044,-0.4319222298914821,-0.4324324324324322,-0.4390851052852332,-0.4281109382153366,2.0042552233631903,0.01585895559115032,-1.3873675319938148,-1.065273657267964,0.6558309080642609,1.8849415393478686,1.8929325106813817,-0.4370786380607709,0.7370474873818879,-0.6144229121084878,-0.6255615917944228,-0.7242468385611976,-0.5109555883475956,-0.42073781037473923,-0.4351134851815823,-0.5651781456987572,-0.16766068716552224,-0.7611054147288443,-0.4722250496809791,-0.7210387704040554,0.20293554579948483
Me-CB0111,-0.23264697923151084,-0.6480363685046944,-0.6382538564983251,-0.8899281965669739,-0.45564410443369985,0.3285207540216995,-0.24777750546849842,0.22476003023378893,-0.4291405294522033,-0.7481190655528949,-0.458136179329774,-0.7754271510399228,-1.014818572329553,-0.2881326204039452,-0.9421146033436458,-0.46269143828027876,-0.4688784986376767,-0.45428895197598107,-0.47072486862045343,0.8832487849978671,0.5581838838115759,0.3185106634524445,1.5465134926159536,1.3126280362219729,-0.49065596257287575,0.4796043213911853,-0.6632618058173688,-0.7972640989354001,-0.9350669596594773,-1.0062885398554415,2.1304915491773255,-0.08507090052041995,3.2170794504791065,0.8919339772854836,1.7970238484394847,1.8896193058973452,0.5258627833222413,0.8586378362698686,-0.8317078319883016,-0.4666143589111824,-0.748381283172275,-0.9449979079785942,0.9645211473655354,-0.641731812142081,0.3341241119789173,-0.9192690795349732,0.8755393770583578,1.729846060483375,1.8194273953123206,-0.45929210095995443,-0.6776987389769942,-0.44475804587471196,-0.02984409873572308,-0.690281676467036,-0.44231498636317423,1.7929090137917738,1.7673939077982548,-0.46816573033614645,-0.4720591256293534,-0.24838573252808785,-0.17208298091323718,1.566043303260675,0.38791501557501845,1.8465250670358635,1.6270059652273543,-0.43872583596937065,-0.8550064066884844,-0.6858068846946977,-0.6572071767415553,-0.7789043068258812,-0.6215586409748416,-0.44004168176438324,1.7705246324441668,-0.6397896512137854,0.11096489700937855,0.5229651871134674,-0.4677705238152521,-0.7637154277492082,-0.5676859750777535
Me-CB0081,-0.48344418066180145,-0.2996318770299909,-0.3027678067391191,-0.3989139088491306,-0.2041241452319305,-0.9961986313992228,-0.5041960924882292,-0.5870749236655263,-0.19601428307463392,-0.6437003030370495,-0.2269905522939341,-0.3222600609505548,-1.16131248452592,0.13956274760793072,-0.4274216777700821,-0.18760780199820953,-0.21958604088171052,-0.17281816283231674,-0.19044534662682847,0.6574230357508262,3.925888846346797,1.5465134926159536,-0.1130271944489262,-0.3793202010733924,-0.22959455978739274,-0.36529410467327345,-0.3040828045719734,-0.35029894116179516,-0.40159597229858024,-0.43514787986728054,-0.5486340810650933,1.9055391157502022,3.8822713966529983,-0.2814990896117185,-0.1960142830746343,-0.21978611786195776,-0.32883470155577177,-0.16302009230013917,-0.3330375807483608,-0.21111192558770286,0.9650973643492495,1.8943686629389913,-0.27757183040501376,-0.29085855408009026,-0.03735997652974574,-0.3970537670707001,-0.3157801154792155,-0.214747044825458,0.89668190449705,-0.23008114237079513,-0.2936714364105114,-0.1935252382615126,-0.6136598088358401,-0.28663430697993986,-0.19900743804199594,-0.17281816283231632,-0.19073431957798753,-0.20145154833543308,-0.22454435656953503,-0.829118651107064,-0.6553660017033403,-0.4824547423636819,-0.7713386246467799,-0.2121909844847521,-0.2119718835478847,-0.19324698792024875,0.9122857665084555,-0.2821101171896266,-0.27687720757577317,-0.3288080503932837,1.0075388328656958,-0.21958604088171116,-0.18214401877933198,-0.2752756042048811,-0.9796924678778854,-0.36754853619464944,-0.20170141995959653,-0.34412360080584503,-1.0560819487620652
Me-188,-0.4045773899393408,-0.22524545469420978,-0.23657178420367503,-0.3306750948215949,-0.1788623606744787,-0.8237651494442013,-0.40660583464226596,-0.47041077989063634,-0.16698964031185903,1.30714670396107,-0.17318976288085836,3.2813268122781585,0.20228369853530512,-0.7794696178665496,-0.3530670687031562,-0.17886236067447864,-0.1697250257391065,-0.1428571428571419,-0.15343224377184778,-0.5900526304044402,-0.8614421508780257,1.3126280362219729,-0.3793202010733924,-0.07102468863194604,-0.16058063792223562,-0.2871832634470961,-0.2198802203416314,-0.28485129601635156,-0.3100868364730188,-0.369857053795808,1.9307393482400281,-0.3538782965654811,-0.4938990101785667,-0.22473328748774848,-0.1353881047219559,-0.1275153426126669,-0.2922331474376548,-0.8973377006241373,-0.2597805620693693,-0.16012815380508785,-0.5145009195963833,-0.34340071187702065,-0.23420572297684056,-0.22575186920273213,-0.832043492011991,-0.34274554353454834,-0.23409933797291665,-0.1792023256103904,-0.5486939490695835,-0.16972502573910614,-0.22717430935012828,-0.16972502573910642,-0.5004292214714335,-0.22524545469421028,-0.14998295745037912,-0.1605806379222356,-0.17586311452816333,-0.18181818181818027,-0.12832288002105322,-0.6605578206241365,-0.5284127929144135,-0.4104805861616402,-0.6596274925599421,-0.1601281538050878,-0.15343224377184783,-0.1879082303983461,-0.5491385419637073,-0.2342057229768405,-0.22113449066792393,-0.270232002768764,-0.49002681833746903,-0.16012815380508819,-0.1534322437718478,-0.24768081568265757,-0.841293393386794,-0.29022750099134426,-0.1601281538050884,-0.29367143641051296,0.4227247102858861
